<CoordinateSystem> { Z-up }

<Comment> { "Egg laid by Chicken for Blender, version R91" }

<Group> MaleArm {
  <DART> { 1 }
  <Group> Cube {
    <VertexPool> Cube {
      <Vertex> 0 {
        0.299999982119 0.300000071526 0.899999976158
        <UV>  {
          0.872146 0.999234
          <Tangent> { 0.003068 -0.999995 0.000000 }
          <Binormal> { 0.999995 0.003068 0.000000 }
        }
      }
      <Vertex> 1 {
        0.299999982119 0.100000068545 0.899999976158
        <UV>  {
          0.748097 0.998851
          <Tangent> { 0.003068 -0.999995 0.000000 }
          <Binormal> { 0.999995 0.003068 0.000000 }
        }
      }
      <Vertex> 2 {
        -0.300000011921 0.100000068545 0.899999976158
        <UV>  {
          0.749239 0.624426
          <Tangent> { 0.003068 -0.999995 0.000000 }
          <Binormal> { 0.999995 0.003068 0.000000 }
        }
      }
      <Vertex> 3 {
        -0.299999952316 0.300000071526 0.899999976158
        <UV>  {
          0.873288 0.624809
          <Tangent> { 0.003068 -0.999995 0.000000 }
          <Binormal> { 0.999995 0.003068 0.000000 }
        }
      }
      <Vertex> 4 {
        0.300000101328 0.300000011921 1.89999997616
        <UV>  {
          0.748097 0.625574
          <Tangent> { -0.003068 -0.999995 0.000000 }
          <Binormal> { -0.999995 0.003068 0.000000 }
        }
      }
      <Vertex> 5 {
        -0.299999892712 0.30000013113 1.89999997616
        <UV>  {
          0.746956 1.000000
          <Tangent> { -0.003068 -0.999995 0.000000 }
          <Binormal> { -0.999995 0.003068 0.000000 }
        }
      }
      <Vertex> 6 {
        -0.30000025034 0.10000012815 1.89999997616
        <UV>  {
          0.622907 0.999617
          <Tangent> { -0.003068 -0.999995 0.000000 }
          <Binormal> { -0.999995 0.003068 0.000000 }
        }
      }
      <Vertex> 7 {
        0.299999833107 0.100000038743 1.89999997616
        <UV>  {
          0.624049 0.625192
          <Tangent> { -0.003067 -0.999995 -0.000000 }
          <Binormal> { -0.999995 0.003067 0.000000 }
        }
      }
      <Vertex> 8 {
        0.299999982119 0.300000071526 0.899999976158
        <UV>  {
          0.998097 0.000000
          <Tangent> { -0.000001 -0.999995 -0.003068 }
          <Binormal> { -0.000000 -0.003068 0.999995 }
        }
      }
      <Vertex> 9 {
        0.300000101328 0.300000011921 1.89999997616
        <UV>  {
          1.000000 0.624043
          <Tangent> { -0.000001 -0.999995 -0.003068 }
          <Binormal> { -0.000000 -0.003068 0.999995 }
        }
      }
      <Vertex> 10 {
        0.299999833107 0.100000038743 1.89999997616
        <UV>  {
          0.875951 0.624426
          <Tangent> { -0.000001 -0.999995 -0.003068 }
          <Binormal> { -0.000000 -0.003068 0.999995 }
        }
      }
      <Vertex> 11 {
        0.299999982119 0.100000068545 0.899999976158
        <UV>  {
          0.874049 0.000383
          <Tangent> { 0.000000 -0.999995 -0.003068 }
          <Binormal> { -0.000000 -0.003068 0.999995 }
        }
      }
      <Vertex> 12 {
        0.299999982119 0.100000068545 0.899999976158
        <UV>  {
          0.746195 0.000000
          <Tangent> { -0.999995 0.000000 -0.003068 }
          <Binormal> { -0.003068 0.000000 0.999995 }
        }
      }
      <Vertex> 13 {
        0.299999833107 0.100000038743 1.89999997616
        <UV>  {
          0.748097 0.624043
          <Tangent> { -0.999995 0.000000 -0.003068 }
          <Binormal> { -0.003068 0.000000 0.999995 }
        }
      }
      <Vertex> 14 {
        -0.30000025034 0.10000012815 1.89999997616
        <UV>  {
          0.375951 0.625192
          <Tangent> { -0.999995 0.000000 -0.003068 }
          <Binormal> { -0.003068 0.000000 0.999995 }
        }
      }
      <Vertex> 15 {
        -0.300000011921 0.100000068545 0.899999976158
        <UV>  {
          0.374049 0.001149
          <Tangent> { -0.999995 -0.000000 -0.003068 }
          <Binormal> { -0.003068 0.000000 0.999995 }
        }
      }
      <Vertex> 16 {
        -0.300000011921 0.100000068545 0.899999976158
        <UV>  {
          0.872146 0.000000
          <Tangent> { 0.000001 0.999995 -0.003068 }
          <Binormal> { -0.000000 0.003068 0.999995 }
        }
      }
      <Vertex> 17 {
        -0.30000025034 0.10000012815 1.89999997616
        <UV>  {
          0.874049 0.624043
          <Tangent> { 0.000002 0.999995 -0.003067 }
          <Binormal> { -0.000000 0.003067 0.999995 }
        }
      }
      <Vertex> 18 {
        -0.299999892712 0.30000013113 1.89999997616
        <UV>  {
          0.750000 0.624426
          <Tangent> { 0.000001 0.999995 -0.003068 }
          <Binormal> { -0.000000 0.003068 0.999995 }
        }
      }
      <Vertex> 19 {
        -0.299999952316 0.300000071526 0.899999976158
        <UV>  {
          0.748097 0.000383
          <Tangent> { 0.000000 0.999995 -0.003068 }
          <Binormal> { -0.000000 0.003068 0.999995 }
        }
      }
      <Vertex> 20 {
        0.300000101328 0.300000011921 1.89999997616
        <UV>  {
          0.001903 0.625192
          <Tangent> { 0.999995 -0.000000 -0.003068 }
          <Binormal> { 0.003068 -0.000000 0.999995 }
        }
      }
      <Vertex> 21 {
        0.299999982119 0.300000071526 0.899999976158
        <UV>  {
          0.000000 0.001149
          <Tangent> { 0.999995 0.000000 -0.003068 }
          <Binormal> { 0.003068 -0.000000 0.999995 }
        }
      }
      <Vertex> 22 {
        -0.299999952316 0.300000071526 0.899999976158
        <UV>  {
          0.372146 0.000000
          <Tangent> { 0.999995 -0.000000 -0.003068 }
          <Binormal> { 0.003068 -0.000000 0.999995 }
        }
      }
      <Vertex> 23 {
        -0.299999892712 0.30000013113 1.89999997616
        <UV>  {
          0.374049 0.624043
          <Tangent> { 0.999995 -0.000000 -0.003068 }
          <Binormal> { 0.003068 -0.000000 0.999995 }
        }
      }
    }
    <Polygon> {
      <Normal> { 0.000000 0.000000 -1.000000
      }
      <VertexRef> { 0 1 2 3 <Ref> { Cube } }
    }
    <Polygon> {
      <Normal> { 0.000000 -0.000000 1.000000
      }
      <VertexRef> { 4 5 6 7 <Ref> { Cube } }
    }
    <Polygon> {
      <Normal> { 1.000000 -0.000001 0.000000
      }
      <VertexRef> { 8 9 10 11 <Ref> { Cube } }
    }
    <Polygon> {
      <Normal> { -0.000000 -1.000000 0.000000
      }
      <VertexRef> { 12 13 14 15 <Ref> { Cube } }
    }
    <Polygon> {
      <Normal> { -1.000000 0.000001 -0.000000
      }
      <VertexRef> { 16 17 18 19 <Ref> { Cube } }
    }
    <Polygon> {
      <Normal> { 0.000000 1.000000 -0.000000
      }
      <VertexRef> { 20 21 22 23 <Ref> { Cube } }
    }
  }
  <Joint> Back {
    <Transform> {
      <Matrix4> {
        0.500000 0.000006 0.000000 0.000000
        0.000000 -0.026382 -0.499304 0.000000
        -0.000006 0.499304 -0.026382 0.000000
        0.000106 0.056141 1.517861 1.000000
      }
    }
    <VertexRef> {
      0 8 21 1 11 12 2 15 16 3 19 22 4 9 20 7 10 13 6 14 17 5 18 23
      <Scalar> membership { 1.000000 }
      <Ref> { Cube }
    }
    <Joint> Hip {
      <Transform> {
        <Matrix4> {
          1.000000 0.000000 -0.000000 0.000000
          -0.000000 0.999026 0.044126 0.000000
          0.000000 -0.044126 0.999026 0.000000
          0.000000 0.614869 0.000000 1.000000
        }
      }
      <Joint> Thigh.Left {
        <Transform> {
          <Matrix4> {
            -0.945162 0.100600 0.310721 0.000000
            0.103279 0.994621 -0.007864 0.000000
            -0.309841 0.024658 -0.950469 0.000000
            0.198623 0.474928 -0.023612 1.000000
          }
        }
        <Joint> Shin.Left {
          <Transform> {
            <Matrix4> {
              -0.220198 0.112269 0.968973 0.000000
              0.032918 0.993644 -0.107647 0.000000
              -0.974900 0.008193 -0.222494 0.000000
              0.000000 0.824240 0.000000 1.000000
            }
          }
          <Joint> Foot.Left {
            <Transform> {
              <Matrix4> {
                -0.081766 0.106043 0.990994 0.000000
                0.985171 0.159088 0.064262 0.000000
                -0.150841 0.981553 -0.117478 0.000000
                0.000000 0.993004 -0.000000 1.000000
              }
            }
            <Joint> Toes.Left {
              <Transform> {
                <Matrix4> {
                  0.999998 0.001097 -0.001428 0.000000
                  -0.001304 0.988094 -0.153848 0.000000
                  0.001242 0.153849 0.988093 0.000000
                  0.000000 0.290882 0.000000 1.000000
                }
              }
            }
          }
        }
      }
      <Joint> Thigh.Right {
        <Transform> {
          <Matrix4> {
            -0.945162 -0.100600 -0.310721 0.000000
            -0.103279 0.994621 -0.007864 0.000000
            0.309841 0.024658 -0.950469 0.000000
            -0.198623 0.474928 -0.023612 1.000000
          }
        }
        <Joint> Shin.Right {
          <Transform> {
            <Matrix4> {
              -0.220198 -0.112269 -0.968973 0.000000
              -0.032918 0.993644 -0.107647 0.000000
              0.974900 0.008193 -0.222494 0.000000
              -0.000000 0.824240 0.000000 1.000000
            }
          }
          <Joint> Foot.Right {
            <Transform> {
              <Matrix4> {
                -0.081766 -0.106043 -0.990994 0.000000
                -0.985171 0.159088 0.064262 0.000000
                0.150841 0.981553 -0.117478 0.000000
                -0.000000 0.993004 -0.000000 1.000000
              }
            }
            <Joint> Toes.Right {
              <Transform> {
                <Matrix4> {
                  0.999998 -0.001097 0.001428 0.000000
                  0.001304 0.988094 -0.153848 0.000000
                  -0.001242 0.153849 0.988093 0.000000
                  -0.000000 0.290882 0.000000 1.000000
                }
              }
            }
          }
        }
      }
    }
    <Joint> Upperarm.Left {
      <Transform> {
        <Matrix4> {
          0.010454 0.999807 -0.016610 0.000000
          0.997538 -0.009276 0.069506 0.000000
          0.069339 -0.017296 -0.997443 0.000000
          0.345036 0.061296 0.038447 1.000000
        }
      }
      <Joint> Forearm.Left {
        <Transform> {
          <Matrix4> {
            0.990744 0.062244 -0.120635 0.000000
            -0.046091 0.990131 0.132349 0.000000
            0.127682 -0.125563 0.983835 0.000000
            0.000000 0.598805 -0.000000 1.000000
          }
        }
        <Joint> Hand.Left {
          <Transform> {
            <Matrix4> {
              0.999529 -0.025130 -0.017639 0.000000
              0.025478 0.999479 0.019794 0.000000
              0.017133 -0.020234 0.999648 0.000000
              0.000000 0.495622 0.000000 1.000000
            }
          }
          <Joint> Thumb1.Left {
            <Transform> {
              <Matrix4> {
                0.995453 -0.000412 0.095248 0.000000
                -0.090764 0.299119 0.949889 0.000000
                -0.028882 -0.954216 0.297722 0.000000
                0.012082 0.091972 0.084571 1.000000
              }
            }
            <Joint> Thumb2.Left {
              <Transform> {
                <Matrix4> {
                  0.877045 0.013253 -0.480225 0.000000
                  -0.021130 0.999716 -0.011002 0.000000
                  0.479943 0.019796 0.877076 0.000000
                  -0.000000 0.115729 0.000000 1.000000
                }
              }
            }
          }
          <Joint> Fingers1.Left {
            <Transform> {
              <Matrix4> {
                0.996751 -0.034527 0.072770 0.000000
                0.039627 0.996771 -0.069836 0.000000
                -0.070124 0.072493 0.994901 0.000000
                -0.000000 0.224584 0.000000 1.000000
              }
            }
            <Joint> Fingers2.Left {
              <Transform> {
                <Matrix4> {
                  0.999905 0.000253 -0.013777 0.000000
                  -0.000064 0.999906 0.013677 0.000000
                  0.013780 -0.013675 0.999812 0.000000
                  0.000000 0.099511 -0.000000 1.000000
                }
              }
            }
          }
        }
      }
    }
    <Joint> Head {
      <Transform> {
        <Matrix4> {
          1.000000 0.000000 -0.000000 0.000000
          0.000000 -0.989248 -0.146247 0.000000
          -0.000000 0.146247 -0.989248 0.000000
          -0.000000 -0.111214 -0.051711 1.000000
        }
      }
    }
    <Joint> Upperarm.Right {
      <Transform> {
        <Matrix4> {
          0.010454 -0.999807 0.016610 0.000000
          -0.997538 -0.009276 0.069506 0.000000
          -0.069339 -0.017296 -0.997443 0.000000
          -0.345036 0.061296 0.038447 1.000000
        }
      }
      <Joint> Forearm.Right {
        <Transform> {
          <Matrix4> {
            0.990744 -0.062244 0.120635 0.000000
            0.046091 0.990131 0.132349 0.000000
            -0.127682 -0.125563 0.983835 0.000000
            -0.000000 0.598805 0.000000 1.000000
          }
        }
        <Joint> Hand.Right {
          <Transform> {
            <Matrix4> {
              0.999529 0.025130 0.017639 0.000000
              -0.025478 0.999479 0.019794 0.000000
              -0.017133 -0.020234 0.999649 0.000000
              -0.000000 0.495622 0.000000 1.000000
            }
          }
          <Joint> Fingers1.Right {
            <Transform> {
              <Matrix4> {
                0.996751 0.034528 -0.072770 0.000000
                -0.039627 0.996771 -0.069836 0.000000
                0.070123 0.072493 0.994901 0.000000
                0.000000 0.224584 -0.000000 1.000000
              }
            }
            <Joint> Fingers2.Right {
              <Transform> {
                <Matrix4> {
                  0.999905 -0.000253 0.013777 0.000000
                  0.000065 0.999906 0.013677 0.000000
                  -0.013780 -0.013675 0.999812 0.000000
                  0.000000 0.099511 0.000000 1.000000
                }
              }
            }
          }
          <Joint> Thumb1.Right {
            <Transform> {
              <Matrix4> {
                0.995453 0.000412 -0.095248 0.000000
                0.090764 0.299119 0.949889 0.000000
                0.028882 -0.954216 0.297722 0.000000
                -0.012082 0.091972 0.084571 1.000000
              }
            }
            <Joint> Thumb2.Right {
              <Transform> {
                <Matrix4> {
                  0.877045 -0.013252 0.480225 0.000000
                  0.021131 0.999716 -0.011004 0.000000
                  -0.479943 0.019798 0.877076 0.000000
                  -0.000000 0.115729 0.000000 1.000000
                }
              }
            }
          }
        }
      }
    }
  }
}