<CoordinateSystem> { Z-up }

<Comment> { "Egg laid by Chicken for Blender, version R91" }

<Texture> female1.jpg {
  "./stick.jpg"
  <Scalar> saved-result { 1 }
  <Scalar> envtype { MODULATE }
  <Scalar> minfilter { LINEAR }
  <Scalar> magfilter { LINEAR }
  <Scalar> wrap { REPEAT }
}
<Group> MaleArm {
  <DART> { 1 }
  <Group> Cube {
    <VertexPool> Cube {
      <Vertex> 0 {
        -0.765274226665 1.04999995232 1.41934502125
        <UV>  {
          0.986953 0.270117
          <Tangent> { -0.000000 -1.000000 0.000000 }
          <Binormal> { 1.000000 -0.000000 -0.000000 }
        }
      }
      <Vertex> 1 {
        -0.765274226665 -1.04999995232 1.41934502125
        <UV>  {
          0.028306 0.270117
          <Tangent> { 0.000000 -1.000000 -0.000000 }
          <Binormal> { 1.000000 -0.000000 0.000000 }
        }
      }
      <Vertex> 2 {
        -0.805274188519 -1.04999995232 1.41934502125
        <UV>  {
          0.028306 0.146502
          <Tangent> { -0.000000 -1.000000 -0.000000 }
          <Binormal> { 1.000000 -0.000000 -0.000000 }
        }
      }
      <Vertex> 3 {
        -0.805274188519 1.05000054836 1.41934502125
        <UV>  {
          0.986953 0.146502
          <Tangent> { 0.000000 -1.000000 -0.000000 }
          <Binormal> { 1.000000 0.000000 0.000000 }
        }
      }
      <Vertex> 4 {
        -0.765274167061 1.04999995232 1.4593449831
        <UV>  {
          0.986953 0.393731
          <Tangent> { -0.000000 -1.000000 0.000000 }
          <Binormal> { -1.000000 0.000000 0.000000 }
        }
      }
      <Vertex> 5 {
        -0.805274188519 1.05000054836 1.4593449831
        <UV>  {
          0.986953 0.518882
          <Tangent> { -0.000000 -1.000000 0.000000 }
          <Binormal> { -1.000000 0.000000 0.000000 }
        }
      }
      <Vertex> 6 {
        -0.805274248123 -1.04999935627 1.4593449831
        <UV>  {
          0.028306 0.518882
          <Tangent> { -0.000000 -1.000000 0.000000 }
          <Binormal> { -1.000000 0.000000 0.000000 }
        }
      }
      <Vertex> 7 {
        -0.765274226665 -1.05000054836 1.4593449831
        <UV>  {
          0.028306 0.393731
          <Tangent> { -0.000000 -1.000000 0.000000 }
          <Binormal> { -1.000000 0.000000 0.000000 }
        }
      }
      <Vertex> 8 {
        -0.765274226665 1.04999995232 1.41934502125
        <UV>  {
          0.986953 0.270117
          <Tangent> { -0.000000 -1.000000 0.000000 }
          <Binormal> { 0.000001 0.000000 1.000000 }
        }
      }
      <Vertex> 9 {
        -0.765274167061 1.04999995232 1.4593449831
        <UV>  {
          0.986953 0.393731
          <Tangent> { -0.000000 -1.000000 0.000000 }
          <Binormal> { 0.000001 0.000000 1.000000 }
        }
      }
      <Vertex> 10 {
        -0.765274226665 -1.05000054836 1.4593449831
        <UV>  {
          0.028306 0.393731
          <Tangent> { -0.000000 -1.000000 0.000000 }
          <Binormal> { 0.000001 0.000000 1.000000 }
        }
      }
      <Vertex> 11 {
        -0.765274226665 -1.04999995232 1.41934502125
        <UV>  {
          0.028306 0.270117
          <Tangent> { 0.000000 -1.000000 -0.000000 }
          <Binormal> { 0.000001 -0.000000 1.000000 }
        }
      }
      <Vertex> 12 {
        -0.765274226665 -1.04999995232 1.41934502125
        <UV>  {
          0.942016 0.569730
          <Tangent> { -1.000000 0.000015 -0.000001 }
          <Binormal> { -0.000001 0.000000 1.000000 }
        }
      }
      <Vertex> 13 {
        -0.765274226665 -1.05000054836 1.4593449831
        <UV>  {
          0.942016 0.655963
          <Tangent> { -1.000000 0.000030 -0.000003 }
          <Binormal> { -0.000003 0.000000 1.000000 }
        }
      }
      <Vertex> 14 {
        -0.805274248123 -1.04999935627 1.4593449831
        <UV>  {
          0.855783 0.655963
          <Tangent> { -1.000000 0.000015 -0.000001 }
          <Binormal> { -0.000001 0.000000 1.000000 }
        }
      }
      <Vertex> 15 {
        -0.805274188519 -1.04999995232 1.41934502125
        <UV>  {
          0.855783 0.569730
          <Tangent> { -1.000000 -0.000000 -0.000000 }
          <Binormal> { -0.000000 -0.000000 1.000000 }
        }
      }
      <Vertex> 16 {
        -0.805274188519 -1.04999995232 1.41934502125
        <UV>  {
          0.028306 0.146502
          <Tangent> { -0.000000 -1.000000 -0.000000 }
          <Binormal> { 0.000001 0.000000 -1.000000 }
        }
      }
      <Vertex> 17 {
        -0.805274248123 -1.04999935627 1.4593449831
        <UV>  {
          0.028306 0.022888
          <Tangent> { -0.000000 -1.000000 0.000000 }
          <Binormal> { 0.000001 -0.000000 -1.000000 }
        }
      }
      <Vertex> 18 {
        -0.805274188519 1.05000054836 1.4593449831
        <UV>  {
          0.986953 0.022888
          <Tangent> { -0.000000 -1.000000 -0.000000 }
          <Binormal> { 0.000001 0.000000 -1.000000 }
        }
      }
      <Vertex> 19 {
        -0.805274188519 1.05000054836 1.41934502125
        <UV>  {
          0.986953 0.146502
          <Tangent> { 0.000000 -1.000000 -0.000000 }
          <Binormal> { 0.000001 0.000000 -1.000000 }
        }
      }
      <Vertex> 20 {
        -0.765274167061 1.04999995232 1.4593449831
        <UV>  {
          0.815878 0.566879
          <Tangent> { -1.000000 0.000015 0.000017 }
          <Binormal> { -0.000017 0.000000 -1.000000 }
        }
      }
      <Vertex> 21 {
        -0.765274226665 1.04999995232 1.41934502125
        <UV>  {
          0.815879 0.653112
          <Tangent> { -1.000000 0.000015 0.000018 }
          <Binormal> { -0.000018 0.000000 -1.000000 }
        }
      }
      <Vertex> 22 {
        -0.805274188519 1.05000054836 1.41934502125
        <UV>  {
          0.729646 0.653114
          <Tangent> { -1.000000 0.000015 0.000017 }
          <Binormal> { -0.000017 0.000000 -1.000000 }
        }
      }
      <Vertex> 23 {
        -0.805274188519 1.05000054836 1.4593449831
        <UV>  {
          0.729645 0.566881
          <Tangent> { -1.000000 0.000015 0.000015 }
          <Binormal> { -0.000015 0.000000 -1.000000 }
        }
      }
    }
    <Polygon> {
      <TRef> { female1.jpg }
      <Normal> { 0.000000 0.000000 -1.000000
      }
      <VertexRef> { 0 1 2 3 <Ref> { Cube } }
    }
    <Polygon> {
      <TRef> { female1.jpg }
      <Normal> { 0.000000 -0.000000 1.000000
      }
      <VertexRef> { 4 5 6 7 <Ref> { Cube } }
    }
    <Polygon> {
      <TRef> { female1.jpg }
      <Normal> { 1.000000 -0.000000 -0.000001
      }
      <VertexRef> { 8 9 10 11 <Ref> { Cube } }
    }
    <Polygon> {
      <TRef> { female1.jpg }
      <Normal> { -0.000015 -1.000000 -0.000000
      }
      <VertexRef> { 12 13 14 15 <Ref> { Cube } }
    }
    <Polygon> {
      <TRef> { female1.jpg }
      <Normal> { -1.000000 0.000000 -0.000001
      }
      <VertexRef> { 16 17 18 19 <Ref> { Cube } }
    }
    <Polygon> {
      <TRef> { female1.jpg }
      <Normal> { 0.000015 1.000000 -0.000000
      }
      <VertexRef> { 20 21 22 23 <Ref> { Cube } }
    }
  }
  <Joint> Back {
    <Transform> {
      <Matrix4> {
        0.450000 -0.000000 0.000000 0.000000
        -0.000000 -0.022884 -0.449418 0.000000
        0.000000 0.449418 -0.022884 0.000000
        0.000107 0.066513 1.450325 1.000000
      }
    }
    <Joint> Hip {
      <Transform> {
        <Matrix4> {
          1.000000 -0.000000 0.000001 0.000000
          -0.000000 0.999114 0.042095 0.000000
          -0.000001 -0.042095 0.999114 0.000000
          -0.000000 0.637968 0.000000 1.000000
        }
      }
      <Joint> Thigh.Left {
        <Transform> {
          <Matrix4> {
            -0.729846 0.080951 0.678802 0.000000
            0.086897 0.995895 -0.025335 0.000000
            -0.678066 0.040495 -0.733884 0.000000
            0.179328 0.424111 -0.012987 1.000000
          }
        }
        <Joint> Shin.Left {
          <Transform> {
            <Matrix4> {
              -0.570884 0.109934 0.813637 0.000000
              0.074522 0.993843 -0.081995 0.000000
              -0.817642 0.013824 -0.575562 0.000000
              -0.000000 0.950448 0.000000 1.000000
            }
          }
          <Joint> Foot.Left {
            <Transform> {
              <Matrix4> {
                -0.144161 0.102986 0.984181 0.000000
                0.954489 0.276886 0.110838 0.000000
                -0.261091 0.955368 -0.138215 0.000000
                -0.000000 1.065404 -0.000000 1.000000
              }
            }
            <Joint> Toes.Left {
              <Transform> {
                <Matrix4> {
                  0.999697 0.014028 -0.020219 0.000000
                  -0.019475 0.953254 -0.301541 0.000000
                  0.015044 0.301844 0.953239 0.000000
                  -0.000000 0.297666 0.000000 1.000000
                }
              }
            }
          }
        }
      }
      <Joint> Thigh.Right {
        <Transform> {
          <Matrix4> {
            -0.729847 -0.080951 -0.678801 0.000000
            -0.086897 0.995895 -0.025335 0.000000
            0.678065 0.040495 -0.733885 0.000000
            -0.179328 0.424111 -0.012987 1.000000
          }
        }
        <Joint> Shin.Right {
          <Transform> {
            <Matrix4> {
              -0.570885 -0.109935 -0.813637 0.000000
              -0.074522 0.993843 -0.081995 0.000000
              0.817641 0.013824 -0.575562 0.000000
              0.000000 0.950448 0.000000 1.000000
            }
          }
          <Joint> Foot.Right {
            <Transform> {
              <Matrix4> {
                -0.144161 -0.102986 -0.984181 0.000000
                -0.954489 0.276886 0.110838 0.000000
                0.261091 0.955368 -0.138215 0.000000
                -0.000000 1.065404 0.000000 1.000000
              }
            }
            <Joint> Toes.Right {
              <Transform> {
                <Matrix4> {
                  0.999697 -0.014028 0.020219 0.000000
                  0.019475 0.953254 -0.301541 0.000000
                  -0.015044 0.301844 0.953239 0.000000
                  0.000000 0.297666 0.000000 1.000000
                }
              }
            }
          }
        }
      }
    }
    <Joint> Upperarm.Left {
      <Transform> {
        <Matrix4> {
          0.054054 0.997649 0.042114 0.000000
          0.998500 -0.054370 0.006399 0.000000
          0.008673 0.041705 -0.999092 0.000000
          0.308734 0.018014 0.036122 1.000000
        }
      }
      <Joint> Forearm.Left {
        <Transform> {
          <Matrix4> {
            0.997517 -0.004487 -0.070281 0.000000
            0.009671 0.997241 0.073594 0.000000
            0.069756 -0.074091 0.994809 0.000000
            0.000000 0.652587 -0.000000 1.000000
          }
        }
        <Joint> Hand.Left {
          <Transform> {
            <Matrix4> {
              0.999791 -0.010084 -0.017764 0.000000
              0.010423 0.999764 0.019086 0.000000
              0.017568 -0.019268 0.999660 0.000000
              -0.000000 0.538234 0.000000 1.000000
            }
          }
          <Joint> Thumb1.Left {
            <Transform> {
              <Matrix4> {
                0.973343 -0.164959 0.159350 0.000000
                -0.096765 0.334559 0.937394 0.000000
                -0.207944 -0.927825 0.309679 0.000000
                0.005875 0.106411 0.088990 1.000000
              }
            }
            <Joint> Thumb2.Left {
              <Transform> {
                <Matrix4> {
                  0.837674 0.049060 -0.543963 0.000000
                  -0.007990 0.996952 0.077612 0.000000
                  0.546112 -0.060667 0.835512 0.000000
                  0.000000 0.113958 -0.000000 1.000000
                }
              }
            }
          }
          <Joint> Fingers1.Left {
            <Transform> {
              <Matrix4> {
                0.999312 -0.015618 0.033630 0.000000
                0.016725 0.999319 -0.032884 0.000000
                -0.033094 0.033424 0.998893 0.000000
                -0.002491 0.256494 -0.003197 1.000000
              }
            }
            <Joint> Fingers2.Left {
              <Transform> {
                <Matrix4> {
                  0.991284 -0.125576 0.039843 0.000000
                  0.126810 0.991470 -0.030106 0.000000
                  -0.035722 0.034896 0.998752 0.000000
                  0.000000 0.108929 0.000000 1.000000
                }
              }
            }
          }
        }
      }
    }
    <Joint> Head {
      <Transform> {
        <Matrix4> {
          1.000000 0.000000 -0.000000 0.000000
          0.000000 -0.988482 -0.151341 0.000000
          -0.000000 0.151341 -0.988482 0.000000
          0.000000 -0.181587 -0.055077 1.000000
        }
      }
    }
    <Joint> Upperarm.Right {
      <Transform> {
        <Matrix4> {
          0.054054 -0.997649 -0.042114 0.000000
          -0.998500 -0.054370 0.006399 0.000000
          -0.008673 0.041705 -0.999092 0.000000
          -0.308734 0.018014 0.036122 1.000000
        }
      }
      <Joint> Forearm.Right {
        <Transform> {
          <Matrix4> {
            0.997517 0.004487 0.070281 0.000000
            -0.009671 0.997241 0.073594 0.000000
            -0.069756 -0.074091 0.994809 0.000000
            -0.000000 0.652587 -0.000000 1.000000
          }
        }
        <Joint> Hand.Right {
          <Transform> {
            <Matrix4> {
              0.999791 0.010084 0.017764 0.000000
              -0.010423 0.999763 0.019086 0.000000
              -0.017568 -0.019268 0.999660 0.000000
              0.000000 0.538234 -0.000000 1.000000
            }
          }
          <VertexRef> {
            0 8 21 1 11 12 2 15 16 3 19 22 4 9 20 7 10 13 6 14 17 5 18 23
            <Scalar> membership { 1.000000 }
            <Ref> { Cube }
          }
          <Joint> Fingers1.Right {
            <Transform> {
              <Matrix4> {
                0.999312 0.015618 -0.033630 0.000000
                -0.016725 0.999319 -0.032884 0.000000
                0.033094 0.033424 0.998893 0.000000
                0.002490 0.256493 -0.003197 1.000000
              }
            }
            <Joint> Fingers2.Right {
              <Transform> {
                <Matrix4> {
                  0.991284 0.125576 -0.039843 0.000000
                  -0.126810 0.991470 -0.030106 0.000000
                  0.035722 0.034896 0.998752 0.000000
                  0.000000 0.108929 -0.000000 1.000000
                }
              }
            }
          }
          <Joint> Thumb1.Right {
            <Transform> {
              <Matrix4> {
                0.973343 0.164959 -0.159350 0.000000
                0.096765 0.334559 0.937393 0.000000
                0.207944 -0.927825 0.309679 0.000000
                -0.005875 0.106410 0.088990 1.000000
              }
            }
            <Joint> Thumb2.Right {
              <Transform> {
                <Matrix4> {
                  0.837674 -0.049060 0.543963 0.000000
                  0.007990 0.996952 0.077612 0.000000
                  -0.546112 -0.060667 0.835512 0.000000
                  0.000000 0.113958 0.000000 1.000000
                }
              }
            }
          }
        }
      }
    }
  }
}