<CoordinateSystem> { Z-up }

<Comment> { "Egg laid by Chicken for Blender, version R91" }

<Group> MaleArm {
  <DART> { 1 }
  <Group> Cube {
    <VertexPool> Cube {
      <Vertex> 0 {
        0.782858908176 1.04999995232 1.35131394863
        <UV>  {
          0.986953 0.270117
          <Tangent> { 0.000000 -1.000000 0.000000 }
          <Binormal> { 0.985424 0.000000 -0.170115 }
        }
      }
      <Vertex> 1 {
        0.782858908176 -1.04999995232 1.35131394863
        <UV>  {
          0.028306 0.270117
          <Tangent> { -0.000000 -1.000000 0.000000 }
          <Binormal> { 0.985424 -0.000000 -0.170115 }
        }
      }
      <Vertex> 2 {
        0.743441998959 -1.04999995232 1.35811853409
        <UV>  {
          0.028306 0.146502
          <Tangent> { 0.000000 -1.000000 -0.000000 }
          <Binormal> { 0.985424 0.000000 -0.170115 }
        }
      }
      <Vertex> 3 {
        0.743441939354 1.05000054836 1.35811853409
        <UV>  {
          0.986953 0.146502
          <Tangent> { 0.000000 -1.000000 -0.000000 }
          <Binormal> { 0.985424 0.000000 -0.170115 }
        }
      }
      <Vertex> 4 {
        0.789663553238 1.04999995232 1.39073097706
        <UV>  {
          0.986953 0.393731
          <Tangent> { -0.000000 -1.000000 0.000000 }
          <Binormal> { -0.985424 0.000000 0.170115 }
        }
      }
      <Vertex> 5 {
        0.75024664402 1.05000054836 1.39753556252
        <UV>  {
          0.986953 0.518882
          <Tangent> { -0.000000 -1.000000 0.000000 }
          <Binormal> { -0.985424 0.000000 0.170115 }
        }
      }
      <Vertex> 6 {
        0.750246524811 -1.04999935627 1.39753556252
        <UV>  {
          0.028306 0.518882
          <Tangent> { -0.000000 -1.000000 0.000000 }
          <Binormal> { -0.985424 0.000000 0.170115 }
        }
      }
      <Vertex> 7 {
        0.789663553238 -1.05000054836 1.39073097706
        <UV>  {
          0.028306 0.393731
          <Tangent> { -0.000000 -1.000000 0.000000 }
          <Binormal> { -0.985424 0.000000 0.170115 }
        }
      }
      <Vertex> 8 {
        0.782858908176 1.04999995232 1.35131394863
        <UV>  {
          0.986953 0.270117
          <Tangent> { 0.000000 -1.000000 0.000000 }
          <Binormal> { 0.170116 0.000000 0.985424 }
        }
      }
      <Vertex> 9 {
        0.789663553238 1.04999995232 1.39073097706
        <UV>  {
          0.986953 0.393731
          <Tangent> { -0.000000 -1.000000 0.000000 }
          <Binormal> { 0.170116 0.000000 0.985424 }
        }
      }
      <Vertex> 10 {
        0.789663553238 -1.05000054836 1.39073097706
        <UV>  {
          0.028306 0.393731
          <Tangent> { -0.000000 -1.000000 0.000000 }
          <Binormal> { 0.170116 0.000000 0.985424 }
        }
      }
      <Vertex> 11 {
        0.782858908176 -1.04999995232 1.35131394863
        <UV>  {
          0.028306 0.270117
          <Tangent> { -0.000000 -1.000000 0.000000 }
          <Binormal> { 0.170116 -0.000000 0.985424 }
        }
      }
      <Vertex> 12 {
        0.782858908176 -1.04999995232 1.35131394863
        <UV>  {
          0.942016 0.569730
          <Tangent> { -0.985425 0.000015 0.170113 }
          <Binormal> { 0.170113 0.000000 0.985425 }
        }
      }
      <Vertex> 13 {
        0.789663553238 -1.05000054836 1.39073097706
        <UV>  {
          0.942016 0.655963
          <Tangent> { -0.985425 0.000030 0.170112 }
          <Binormal> { 0.170112 0.000000 0.985425 }
        }
      }
      <Vertex> 14 {
        0.750246524811 -1.04999935627 1.39753556252
        <UV>  {
          0.855783 0.655963
          <Tangent> { -0.985425 0.000015 0.170113 }
          <Binormal> { 0.170113 0.000000 0.985425 }
        }
      }
      <Vertex> 15 {
        0.743441998959 -1.04999995232 1.35811853409
        <UV>  {
          0.855783 0.569730
          <Tangent> { -0.985424 -0.000000 0.170115 }
          <Binormal> { 0.170115 -0.000000 0.985424 }
        }
      }
      <Vertex> 16 {
        0.743441998959 -1.04999995232 1.35811853409
        <UV>  {
          0.028306 0.146502
          <Tangent> { 0.000000 -1.000000 -0.000000 }
          <Binormal> { -0.170115 0.000000 -0.985424 }
        }
      }
      <Vertex> 17 {
        0.750246524811 -1.04999935627 1.39753556252
        <UV>  {
          0.028306 0.022888
          <Tangent> { -0.000000 -1.000000 0.000000 }
          <Binormal> { -0.170115 0.000000 -0.985424 }
        }
      }
      <Vertex> 18 {
        0.75024664402 1.05000054836 1.39753556252
        <UV>  {
          0.986953 0.022888
          <Tangent> { -0.000000 -1.000000 -0.000000 }
          <Binormal> { -0.170115 0.000000 -0.985424 }
        }
      }
      <Vertex> 19 {
        0.743441939354 1.05000054836 1.35811853409
        <UV>  {
          0.986953 0.146502
          <Tangent> { 0.000000 -1.000000 -0.000000 }
          <Binormal> { -0.170115 0.000000 -0.985424 }
        }
      }
      <Vertex> 20 {
        0.789663553238 1.04999995232 1.39073097706
        <UV>  {
          0.815878 0.566879
          <Tangent> { -0.985421 0.000015 0.170131 }
          <Binormal> { -0.170131 0.000000 -0.985421 }
        }
      }
      <Vertex> 21 {
        0.782858908176 1.04999995232 1.35131394863
        <UV>  {
          0.815879 0.653112
          <Tangent> { -0.985421 0.000015 0.170132 }
          <Binormal> { -0.170132 0.000000 -0.985421 }
        }
      }
      <Vertex> 22 {
        0.743441939354 1.05000054836 1.35811853409
        <UV>  {
          0.729646 0.653114
          <Tangent> { -0.985421 0.000015 0.170131 }
          <Binormal> { -0.170131 0.000000 -0.985421 }
        }
      }
      <Vertex> 23 {
        0.75024664402 1.05000054836 1.39753556252
        <UV>  {
          0.729645 0.566881
          <Tangent> { -0.985422 0.000015 0.170130 }
          <Binormal> { -0.170130 0.000000 -0.985422 }
        }
      }
    }
    <Polygon> {
      <Normal> { -0.170115 -0.000000 -0.985424
      }
      <VertexRef> { 0 1 2 3 <Ref> { Cube } }
    }
    <Polygon> {
      <Normal> { 0.170115 -0.000000 0.985424
      }
      <VertexRef> { 4 5 6 7 <Ref> { Cube } }
    }
    <Polygon> {
      <Normal> { 0.985424 0.000000 -0.170116
      }
      <VertexRef> { 8 9 10 11 <Ref> { Cube } }
    }
    <Polygon> {
      <Normal> { -0.000015 -1.000000 0.000003
      }
      <VertexRef> { 12 13 14 15 <Ref> { Cube } }
    }
    <Polygon> {
      <Normal> { -0.985424 0.000000 0.170115
      }
      <VertexRef> { 16 17 18 19 <Ref> { Cube } }
    }
    <Polygon> {
      <Normal> { 0.000015 1.000000 -0.000003
      }
      <VertexRef> { 20 21 22 23 <Ref> { Cube } }
    }
  }
  <Joint> Back {
    <Transform> {
      <Matrix4> {
        0.999980 0.004828 -0.004162 0.000000
        -0.004673 0.111231 -0.993784 0.000000
        -0.004335 0.993783 0.111251 0.000000
        0.004497 -0.015334 1.445126 1.000000
      }
    }
    <Joint> Hip {
      <Transform> {
        <Matrix4> {
          0.999987 -0.003565 -0.003705 0.000000
          0.002149 0.944388 -0.328825 0.000000
          0.004671 0.328813 0.944383 0.000000
          0.000000 0.291050 -0.000000 1.000000
        }
      }
      <Joint> Thigh.Left {
        <Transform> {
          <Matrix4> {
            0.822874 -0.130891 0.552943 0.000000
            0.003490 0.974253 0.225429 0.000000
            -0.568213 -0.183570 0.802145 0.000000
            -0.100056 0.228543 0.045967 1.000000
          }
        }
        <Joint> Shin.Left {
          <Transform> {
            <Matrix4> {
              -0.978430 -0.028306 0.204632 0.000000
              -0.040801 0.997534 -0.057101 0.000000
              -0.202511 -0.064219 -0.977172 0.000000
              -0.000000 0.412326 0.000000 1.000000
            }
          }
          <Joint> Foot.Left {
            <Transform> {
              <Matrix4> {
                -0.938990 -0.034051 0.342254 0.000000
                -0.343077 0.163298 -0.925003 0.000000
                -0.024392 -0.985989 -0.165018 0.000000
                -0.000000 0.462121 -0.000000 1.000000
              }
            }
            <Joint> Toes.Left {
              <Transform> {
                <Matrix4> {
                  0.999444 -0.022997 0.024139 0.000000
                  0.017783 0.980147 0.197471 0.000000
                  -0.028201 -0.196932 0.980012 0.000000
                  -0.000000 0.098833 -0.000000 1.000000
                }
              }
            }
          }
        }
      }
      <Joint> Thigh.Right {
        <Transform> {
          <Matrix4> {
            0.822029 0.129511 -0.554523 0.000000
            -0.001421 0.974257 0.225434 0.000000
            0.569444 -0.184525 0.801052 0.000000
            0.094255 0.228380 0.045781 1.000000
          }
        }
        <Joint> Shin.Right {
          <Transform> {
            <Matrix4> {
              -0.978425 0.028304 -0.204656 0.000000
              0.040801 0.997534 -0.057101 0.000000
              0.202536 -0.064219 -0.977167 0.000000
              -0.000000 0.412326 0.000000 1.000000
            }
          }
          <Joint> Foot.Right {
            <Transform> {
              <Matrix4> {
                -0.939034 0.035585 -0.341977 0.000000
                0.343059 0.163298 -0.925011 0.000000
                0.022928 -0.985935 -0.165550 0.000000
                -0.000000 0.462120 -0.000000 1.000000
              }
            }
            <Joint> Toes.Right {
              <Transform> {
                <Matrix4> {
                  0.999497 0.022872 -0.021965 0.000000
                  -0.018090 0.980147 0.197443 0.000000
                  0.026045 -0.196946 0.980068 0.000000
                  -0.000000 0.098833 0.000000 1.000000
                }
              }
            }
          }
        }
      }
    }
    <Joint> Upperarm.Left {
      <Transform> {
        <Matrix4> {
          -0.148283 -0.988926 0.006178 0.000000
          -0.987409 0.148398 0.054784 0.000000
          -0.055094 0.002023 -0.998479 0.000000
          -0.194271 -0.006738 -0.004198 1.000000
        }
      }
      <Joint> Forearm.Left {
        <Transform> {
          <Matrix4> {
            0.995632 -0.091601 0.018059 0.000000
            0.092131 0.995260 -0.031145 0.000000
            -0.015120 0.032673 0.999352 0.000000
            0.000000 0.261118 0.000000 1.000000
          }
        }
        <Joint> Hand.Left {
          <Transform> {
            <Matrix4> {
              0.995051 -0.099207 -0.005556 0.000000
              0.099361 0.993221 0.060321 0.000000
              -0.000465 -0.060575 0.998164 0.000000
              0.000000 0.227435 0.000000 1.000000
            }
          }
          <Joint> Thumb1.Left {
            <Transform> {
              <Matrix4> {
                -0.719976 -0.601758 -0.345719 0.000000
                -0.522043 0.797838 -0.301538 0.000000
                0.457281 -0.036620 -0.888568 0.000000
                -0.029799 0.029392 -0.031005 1.000000
              }
            }
            <Joint> Thumb2.Left {
              <Transform> {
                <Matrix4> {
                  0.290112 0.220830 0.931165 0.000000
                  -0.137365 0.972545 -0.187846 0.000000
                  -0.947083 -0.073413 0.312482 0.000000
                  0.000000 0.044860 0.000000 1.000000
                }
              }
            }
          }
          <Joint> Fingers1.Left {
            <Transform> {
              <Matrix4> {
                0.941830 0.319977 0.102814 0.000000
                -0.323468 0.946051 0.018843 0.000000
                -0.091238 -0.051004 0.994522 0.000000
                -0.000000 0.076185 0.000000 1.000000
              }
            }
            <Joint> Fingers2.Left {
              <Transform> {
                <Matrix4> {
                  0.981869 0.104259 -0.158315 0.000000
                  -0.114386 0.991843 -0.056238 0.000000
                  0.151160 0.073328 0.985786 0.000000
                  -0.000000 0.051846 0.000000 1.000000
                }
              }
            }
          }
        }
      }
    }
    <Joint> Head {
      <Transform> {
        <Matrix4> {
          0.999904 -0.008279 -0.011124 0.000000
          -0.008174 -0.999922 0.009411 0.000000
          -0.011201 -0.009320 -0.999894 0.000000
          -0.003075 -0.056075 0.030634 1.000000
        }
      }
    }
    <Joint> Upperarm.Right {
      <Transform> {
        <Matrix4> {
          -0.138885 0.990266 -0.009138 0.000000
          0.989191 0.139161 0.046216 0.000000
          0.047038 -0.002620 -0.998890 0.000000
          0.185162 -0.008511 -0.005843 1.000000
        }
      }
      <Joint> Forearm.Right {
        <Transform> {
          <Matrix4> {
            0.995537 0.091583 -0.022771 0.000000
            -0.092261 0.995260 -0.030757 0.000000
            0.019846 0.032721 0.999268 0.000000
            -0.000000 0.261118 -0.000000 1.000000
          }
        }
        <Joint> Hand.Right {
          <Transform> {
            <Matrix4> {
              0.995044 0.099384 0.003149 0.000000
              -0.099393 0.993221 0.060270 0.000000
              0.002862 -0.060284 0.998177 0.000000
              -0.000000 0.227436 0.000000 1.000000
            }
          }
          <VertexRef> {
            0 8 21 1 11 12 2 15 16 3 19 22 4 9 20 7 10 13 6 14 17 5 18 23
            <Scalar> membership { 1.000000 }
            <Ref> { Cube }
          }
          <Joint> Fingers1.Right {
            <Transform> {
              <Matrix4> {
                0.941401 -0.319564 -0.107906 0.000000
                0.323412 0.946051 0.019791 0.000000
                0.095760 -0.053529 0.993964 0.000000
                -0.000000 0.076185 0.000000 1.000000
              }
            }
            <Joint> Fingers2.Right {
              <Transform> {
                <Matrix4> {
                  0.981269 -0.104577 0.161785 0.000000
                  0.114827 0.991843 -0.055334 0.000000
                  -0.154678 0.072875 0.985273 0.000000
                  -0.000000 0.051846 0.000000 1.000000
                }
              }
            }
          }
          <Joint> Thumb1.Right {
            <Transform> {
              <Matrix4> {
                -0.745429 0.598744 0.292986 0.000000
                0.522924 0.797838 -0.300007 0.000000
                -0.413383 -0.070424 -0.907830 0.000000
                0.029890 0.029392 -0.030917 1.000000
              }
            }
            <Joint> Thumb2.Right {
              <Transform> {
                <Matrix4> {
                  0.249611 -0.221756 -0.942613 0.000000
                  0.126577 0.972545 -0.195279 0.000000
                  0.960038 -0.070569 0.270827 0.000000
                  -0.000000 0.044860 -0.000000 1.000000
                }
              }
            }
          }
        }
      }
    }
  }
}